0,0.548094,-0.328474,-0.475596,0.604571,-0.251386,0.167144,0.202999,357.411,357.564,374.984,239.387
1,0.524701,-0.318563,-0.480932,0.626028,-0.266572,0.188506,0.214532,357.411,357.564,374.984,239.387
2,0.49612,-0.300059,-0.490283,0.650731,-0.275323,0.205711,0.221807,357.411,357.564,374.984,239.387
3,0.464648,-0.320207,-0.496515,0.659578,-0.288119,0.231077,0.230906,357.411,357.564,374.984,239.387
4,0.467884,-0.365779,-0.533299,0.602398,-0.309195,0.272787,0.210211,357.411,357.564,374.984,239.387
5,0.471009,-0.376154,-0.50743,0.61577,-0.321975,0.299524,0.228626,357.411,357.564,374.984,239.387
6,0.456439,-0.345299,-0.507743,0.643917,-0.327504,0.310416,0.236889,357.411,357.564,374.984,239.387
7,0.459326,-0.410023,-0.499583,0.609358,-0.397249,0.331689,0.246986,357.411,357.564,374.984,239.387
8,0.467737,-0.423216,-0.470842,0.616781,-0.458915,0.34219,0.245127,357.411,357.564,374.984,239.387
9,0.475561,-0.458951,-0.403826,0.632558,-0.483399,0.361852,0.26029,357.411,357.564,374.984,239.387
10,0.482122,-0.465924,-0.385452,0.633955,-0.506255,0.382416,0.254829,357.411,357.564,374.984,239.387
11,0.477642,-0.453819,-0.408489,0.631698,-0.559207,0.420527,0.241795,357.411,357.564,374.984,239.387
12,0.485443,-0.493903,-0.397993,0.60167,-0.608181,0.454748,0.243329,357.411,357.564,374.984,239.387
13,0.499276,-0.478433,-0.415234,0.591106,-0.636546,0.495331,0.236695,357.411,357.564,374.984,239.387
14,0.494955,-0.521553,-0.410766,0.560601,-0.679338,0.585089,0.231743,357.411,357.564,374.984,239.387
15,0.502311,-0.525151,-0.40431,0.555368,-0.684449,0.628928,0.228352,357.411,357.564,374.984,239.387
16,0.520454,-0.514474,-0.404094,0.548773,-0.681438,0.668858,0.224187,357.411,357.564,374.984,239.387
17,0.519954,-0.49843,-0.413292,0.557141,-0.6755,0.731725,0.227949,357.411,357.564,374.984,239.387
18,0.506684,-0.520649,-0.415417,0.547381,-0.682382,0.78246,0.22857,357.411,357.564,374.984,239.387
19,0.493391,-0.501896,-0.435564,0.561203,-0.679167,0.824155,0.223329,357.411,357.564,374.984,239.387
20,0.49166,-0.491397,-0.441304,0.567495,-0.683427,0.895157,0.214773,357.411,357.564,374.984,239.387
21,0.499391,-0.505742,-0.421625,0.563086,-0.665356,0.968092,0.225112,357.411,357.564,374.984,239.387
22,0.512048,-0.504822,-0.426506,0.548684,-0.637849,1.02567,0.222459,357.411,357.564,374.984,239.387
23,0.514326,-0.503578,-0.425735,0.548296,-0.622917,1.04915,0.221717,357.411,357.564,374.984,239.387
24,0.505852,-0.516762,-0.426326,0.54343,-0.598985,1.11167,0.219306,357.411,357.564,374.984,239.387
25,0.501166,-0.52113,-0.416807,0.550934,-0.606414,1.15798,0.224349,357.411,357.564,374.984,239.387
26,0.496326,-0.516402,-0.41842,0.558493,-0.609994,1.18057,0.225443,357.411,357.564,374.984,239.387
27,0.518019,-0.504236,-0.419698,0.548868,-0.616576,1.25604,0.223006,357.411,357.564,374.984,239.387
28,0.51922,-0.511294,-0.415305,0.544528,-0.60564,1.29832,0.226609,357.411,357.564,374.984,239.387
29,0.525599,-0.511165,-0.420397,0.53453,-0.545062,1.38353,0.224259,357.411,357.564,374.984,239.387
30,0.523448,-0.492514,-0.401115,0.567924,-0.545252,1.35904,0.234316,357.411,357.564,374.984,239.387
31,0.535648,-0.482515,-0.390901,0.572238,-0.623433,1.24502,0.231826,357.411,357.564,374.984,239.387
32,0.512784,-0.463497,-0.392644,0.606674,-0.688238,1.1362,0.235405,357.411,357.564,374.984,239.387
33,0.510073,-0.449726,-0.399498,0.614795,-0.712589,1.08497,0.235475,357.411,357.564,374.984,239.387
34,0.503803,-0.422925,-0.397118,0.640012,-0.724239,1.03871,0.229919,357.411,357.564,374.984,239.387
35,0.507871,-0.422206,-0.396707,0.637521,-0.730841,0.997264,0.220951,357.411,357.564,374.984,239.387
36,0.513127,-0.418659,-0.407702,0.628653,-0.725068,0.911759,0.195788,357.411,357.564,374.984,239.387
37,0.512071,-0.408234,-0.398256,0.642277,-0.714743,0.867462,0.194848,357.411,357.564,374.984,239.387
38,0.470269,-0.400215,-0.355844,0.701462,-0.690848,0.791962,0.213564,357.411,357.564,374.984,239.387
39,0.483009,-0.389911,-0.373067,0.68956,-0.684014,0.753444,0.210598,357.411,357.564,374.984,239.387
40,0.464764,-0.400626,-0.367454,0.698907,-0.673326,0.712128,0.215685,357.411,357.564,374.984,239.387
41,0.473468,-0.392546,-0.358085,0.702503,-0.668145,0.667177,0.215559,357.411,357.564,374.984,239.387
42,0.466463,-0.401179,-0.372038,0.695022,-0.687375,0.571667,0.212731,357.411,357.564,374.984,239.387
43,0.460745,-0.412823,-0.365646,0.695409,-0.706226,0.531977,0.220376,357.411,357.564,374.984,239.387
44,0.455986,-0.414263,-0.361624,0.699779,-0.721408,0.498542,0.22768,357.411,357.564,374.984,239.387
45,0.433544,-0.414066,-0.36537,0.712105,-0.732657,0.447293,0.244615,357.411,357.564,374.984,239.387
46,0.407869,-0.427798,-0.362225,0.720711,-0.730364,0.416726,0.255228,357.411,357.564,374.984,239.387
47,0.425075,-0.408709,-0.381861,0.711653,-0.733254,0.389232,0.240596,357.411,357.564,374.984,239.387
48,0.430634,-0.414526,-0.394104,0.698144,-0.751048,0.367879,0.237002,357.411,357.564,374.984,239.387
49,0.449934,-0.411399,-0.411606,0.677415,-0.769171,0.34079,0.219554,357.411,357.564,374.984,239.387
50,0.464507,-0.385853,-0.428458,0.672141,-0.757104,0.314869,0.187771,357.411,357.564,374.984,239.387
51,0.472541,-0.374557,-0.438085,0.666703,-0.745025,0.289575,0.182525,357.411,357.564,374.984,239.387
52,0.488193,-0.375179,-0.445632,0.649862,-0.73374,0.26846,0.177266,357.411,357.564,374.984,239.387
53,0.506445,-0.418029,-0.439515,0.612855,-0.724707,0.226178,0.205452,357.411,357.564,374.984,239.387
54,0.508299,-0.428383,-0.437915,0.605269,-0.718494,0.208463,0.222716,357.411,357.564,374.984,239.387
55,0.496633,-0.442808,-0.433707,0.607598,-0.716865,0.184814,0.246591,357.411,357.564,374.984,239.387
56,0.486821,-0.453054,-0.437709,0.60511,-0.721779,0.154173,0.26514,357.411,357.564,374.984,239.387
57,0.476812,-0.454136,-0.444273,0.60748,-0.751897,0.068079,0.287199,357.411,357.564,374.984,239.387
58,0.475887,-0.444737,-0.442709,0.616238,-0.767866,0.0213167,0.297173,357.411,357.564,374.984,239.387
59,0.481536,-0.448772,-0.427836,0.619422,-0.803482,-0.0723034,0.320585,357.411,357.564,374.984,239.387
60,0.48055,-0.447521,-0.427759,0.621143,-0.811034,-0.117353,0.327276,357.411,357.564,374.984,239.387
61,0.488687,-0.431356,-0.425921,0.627461,-0.810687,-0.216811,0.325901,357.411,357.564,374.984,239.387
62,0.480653,-0.419248,-0.440186,0.632012,-0.803404,-0.275799,0.31789,357.411,357.564,374.984,239.387
63,0.482315,-0.414847,-0.443051,0.631649,-0.801039,-0.336189,0.314013,357.411,357.564,374.984,239.387
64,0.482754,-0.411219,-0.450717,0.628253,-0.804223,-0.451743,0.317749,357.411,357.564,374.984,239.387
65,0.485567,-0.414745,-0.455817,0.620034,-0.815933,-0.505464,0.31764,357.411,357.564,374.984,239.387
66,0.488998,-0.425063,-0.450058,0.614533,-0.859874,-0.616504,0.30925,357.411,357.564,374.984,239.387
67,0.490028,-0.43049,-0.443116,0.614978,-0.892391,-0.672773,0.308671,357.411,357.564,374.984,239.387
68,0.509292,-0.417761,-0.435284,0.613698,-0.955504,-0.780948,0.323358,357.411,357.564,374.984,239.387
69,0.530483,-0.414284,-0.425118,0.60517,-1.02033,-0.871048,0.336149,357.411,357.564,374.984,239.387
70,0.550861,-0.425524,-0.399592,0.596496,-1.08889,-0.933729,0.344418,357.411,357.564,374.984,239.387
71,0.576653,-0.452143,-0.383811,0.561895,-1.17755,-0.964626,0.349191,357.411,357.564,374.984,239.387
72,0.598982,-0.463959,-0.383165,0.528344,-1.34293,-0.965793,0.337084,357.411,357.564,374.984,239.387
73,0.604593,-0.431179,-0.379279,0.551996,-1.53427,-0.931026,0.364987,357.411,357.564,374.984,239.387
74,0.605682,-0.440207,-0.383482,0.540656,-1.6554,-0.900587,0.358818,357.411,357.564,374.984,239.387
75,0.609737,-0.446637,-0.408271,0.51191,-1.76899,-0.867485,0.31804,357.411,357.564,374.984,239.387
76,0.616101,-0.465971,-0.407748,0.486859,-1.88873,-0.812289,0.296743,357.411,357.564,374.984,239.387
77,0.623238,-0.483367,-0.403297,0.463985,-1.98828,-0.751451,0.2954,357.411,357.564,374.984,239.387
78,0.603897,-0.497097,-0.403486,0.474765,-2.16874,-0.59141,0.273795,357.411,357.564,374.984,239.387
79,0.611393,-0.477604,-0.403996,0.484644,-2.21768,-0.489807,0.286599,357.411,357.564,374.984,239.387
80,0.610252,-0.473963,-0.404727,0.489028,-2.23181,-0.435184,0.288258,357.411,357.564,374.984,239.387
81,0.613207,-0.478878,-0.396489,0.487288,-2.24356,-0.375732,0.284018,357.411,357.564,374.984,239.387
82,0.605455,-0.490914,-0.405679,0.477338,-2.25582,-0.253137,0.270417,357.411,357.564,374.984,239.387
83,0.611743,-0.487131,-0.416966,0.463263,-2.26346,-0.19277,0.268673,357.411,357.564,374.984,239.387
84,0.609405,-0.499856,-0.41047,0.458567,-2.27127,-0.126895,0.272801,357.411,357.564,374.984,239.387
85,0.610043,-0.524225,-0.391547,0.446907,-2.35142,0.142705,0.25852,357.411,357.564,374.984,239.387
86,0.609184,-0.526112,-0.392548,0.44498,-2.38579,0.215875,0.258699,357.411,357.564,374.984,239.387
87,0.630981,-0.51555,-0.37671,0.440636,-2.42695,0.362237,0.277652,357.411,357.564,374.984,239.387
88,0.637785,-0.531566,-0.352633,0.431645,-2.45403,0.510629,0.273092,357.411,357.564,374.984,239.387
89,0.634972,-0.540588,-0.350364,0.426404,-2.46201,0.581386,0.263311,357.411,357.564,374.984,239.387
90,0.625862,-0.550737,-0.362432,0.416688,-2.46967,0.648115,0.257048,357.411,357.564,374.984,239.387
91,0.624207,-0.548167,-0.37163,0.41445,-2.47155,0.713344,0.261192,357.411,357.564,374.984,239.387
92,0.621469,-0.563611,-0.356171,0.411415,-2.48729,0.850822,0.266543,357.411,357.564,374.984,239.387
93,0.624942,-0.566002,-0.344035,0.413194,-2.50143,0.916369,0.266785,357.411,357.564,374.984,239.387
94,0.622278,-0.556817,-0.344832,0.428738,-2.54392,1.03047,0.267257,357.411,357.564,374.984,239.387
95,0.628103,-0.55209,-0.347322,0.424323,-2.56189,1.08889,0.277279,357.411,357.564,374.984,239.387
96,0.638766,-0.545469,-0.342066,0.421227,-2.57114,1.14833,0.288048,357.411,357.564,374.984,239.387
97,0.6451,-0.547749,-0.333322,0.415588,-2.55907,1.26064,0.287791,357.411,357.564,374.984,239.387
98,0.656124,-0.549814,-0.327469,0.399963,-2.52629,1.37404,0.275233,357.411,357.564,374.984,239.387
99,0.659293,-0.54848,-0.331649,0.393079,-2.5082,1.42705,0.266342,357.411,357.564,374.984,239.387
100,0.667761,-0.560143,-0.310378,0.379474,-2.48225,1.52898,0.252852,357.411,357.564,374.984,239.387
101,0.670366,-0.550292,-0.308464,0.39069,-2.46172,1.60116,0.23785,357.411,357.564,374.984,239.387
102,0.681143,-0.542942,-0.311586,0.379701,-2.45886,1.64746,0.230609,357.411,357.564,374.984,239.387
103,0.678687,-0.546416,-0.325365,0.367356,-2.46029,1.6825,0.219762,357.411,357.564,374.984,239.387
104,0.658792,-0.526144,-0.356484,0.402598,-2.44731,1.70612,0.234116,357.411,357.564,374.984,239.387
105,0.662727,-0.489324,-0.373184,0.426719,-2.42543,1.75187,0.245985,357.411,357.564,374.984,239.387
106,0.674081,-0.505681,-0.367509,0.393495,-2.43071,1.79728,0.24359,357.411,357.564,374.984,239.387
107,0.670518,-0.540323,-0.35747,0.361486,-2.43944,1.83408,0.246716,357.411,357.564,374.984,239.387
108,0.642128,-0.580778,-0.359482,0.348053,-2.44648,1.85584,0.250789,357.411,357.564,374.984,239.387
109,0.597341,-0.618349,-0.356511,0.365687,-2.45145,1.84307,0.262456,357.411,357.564,374.984,239.387
110,0.585298,-0.622884,-0.346556,0.386446,-2.45044,1.81013,0.274021,357.411,357.564,374.984,239.387
111,0.578468,-0.616686,-0.329576,0.420063,-2.43879,1.65693,0.306032,357.411,357.564,374.984,239.387
112,0.569799,-0.607335,-0.349767,0.429111,-2.43948,1.5154,0.306173,357.411,357.564,374.984,239.387
113,0.556707,-0.593659,-0.378363,0.441007,-2.4432,1.43471,0.307839,357.411,357.564,374.984,239.387
114,0.533861,-0.576629,-0.403268,0.468899,-2.44744,1.34773,0.317147,357.411,357.564,374.984,239.387
115,-0.488964,0.550366,0.438288,-0.515669,-2.46297,1.19416,0.341658,357.411,357.564,374.984,239.387
116,0.472419,-0.529496,-0.458779,0.534767,-2.46741,1.12727,0.351045,357.411,357.564,374.984,239.387
117,0.451613,-0.502707,-0.484956,0.555112,-2.47339,1.06678,0.361083,357.411,357.564,374.984,239.387
118,0.459629,-0.495193,-0.492032,0.549026,-2.49621,1.01824,0.357332,357.411,357.564,374.984,239.387
119,-0.472112,0.531553,0.480676,-0.513334,-2.55003,0.94688,0.332468,357.411,357.564,374.984,239.387
120,-0.473882,0.536871,0.490098,-0.497,-2.56492,0.913356,0.322945,357.411,357.564,374.984,239.387
121,-0.494258,0.520746,0.507495,-0.476426,-2.57215,0.833904,0.314579,357.411,357.564,374.984,239.387
122,0.513093,-0.526313,-0.496464,0.461795,-2.5744,0.791611,0.313887,357.411,357.564,374.984,239.387
123,0.519229,-0.534149,-0.477517,0.4659,-2.57002,0.745339,0.317199,357.411,357.564,374.984,239.387
124,0.513338,-0.546155,-0.469913,0.466241,-2.5657,0.639147,0.322204,357.411,357.564,374.984,239.387
125,0.514205,-0.543565,-0.468619,0.469602,-2.5726,0.586867,0.325682,357.411,357.564,374.984,239.387
126,0.524485,-0.543522,-0.465326,0.461487,-2.5948,0.538002,0.32693,357.411,357.564,374.984,239.387
127,0.530351,-0.532431,-0.469265,0.463719,-2.65237,0.438838,0.322726,357.411,357.564,374.984,239.387
128,0.526658,-0.526819,-0.471756,0.47174,-2.68535,0.386945,0.321286,357.411,357.564,374.984,239.387
129,0.517376,-0.510966,-0.483549,0.487255,-2.74805,0.282383,0.328406,357.411,357.564,374.984,239.387
130,0.514293,-0.491906,-0.503932,0.489473,-2.78025,0.123905,0.327824,357.411,357.564,374.984,239.387
131,0.508712,-0.495083,-0.506016,0.489952,-2.76003,0.0103127,0.324072,357.411,357.564,374.984,239.387
132,0.501581,-0.500196,-0.503195,0.494991,-2.72968,-0.0928416,0.331016,357.411,357.564,374.984,239.387
133,0.502791,-0.499018,-0.504466,0.493656,-2.70928,-0.139357,0.333179,357.411,357.564,374.984,239.387
134,0.501282,-0.490693,-0.512036,0.495738,-2.65578,-0.223917,0.327848,357.411,357.564,374.984,239.387
135,-0.495949,0.479434,0.51887,-0.504928,-2.61468,-0.260187,0.325345,357.411,357.564,374.984,239.387
136,-0.490921,0.468691,0.524172,-0.514362,-2.57139,-0.293485,0.322553,357.411,357.564,374.984,239.387
137,-0.471677,0.475587,0.537112,-0.512688,-2.41981,-0.357207,0.315286,357.411,357.564,374.984,239.387
138,-0.477392,0.471787,0.535233,-0.512874,-2.36412,-0.373429,0.318547,357.411,357.564,374.984,239.387
139,-0.493282,0.482121,0.522197,-0.501539,-2.24828,-0.403247,0.31535,357.411,357.564,374.984,239.387
140,-0.49826,0.498423,0.518682,-0.484025,-2.12437,-0.416517,0.308418,357.411,357.564,374.984,239.387
141,-0.497769,0.498718,0.515598,-0.487509,-2.01471,-0.408142,0.318264,357.411,357.564,374.984,239.387
142,-0.486307,0.486913,0.518752,-0.507265,-1.85249,-0.342288,0.31963,357.411,357.564,374.984,239.387
143,-0.487386,0.492497,0.519516,-0.500005,-1.79973,-0.309996,0.318655,357.411,357.564,374.984,239.387
144,-0.490435,0.487937,0.524926,-0.495827,-1.74251,-0.281571,0.31914,357.411,357.564,374.984,239.387
145,-0.496031,0.498037,0.513336,-0.492341,-1.62692,-0.224637,0.318518,357.411,357.564,374.984,239.387
146,0.504097,-0.49856,-0.503964,0.4933,-1.56236,-0.198826,0.318388,357.411,357.564,374.984,239.387
147,0.503914,-0.507667,-0.509053,0.478759,-1.44645,-0.147618,0.307537,357.411,357.564,374.984,239.387
148,-0.495951,0.513613,0.507469,-0.4824,-1.36223,-0.0772132,0.315297,357.411,357.564,374.984,239.387
149,-0.492721,0.50366,0.505004,-0.498522,-1.30427,0.0243712,0.321752,357.411,357.564,374.984,239.387
150,-0.496213,0.486044,0.518255,-0.498944,-1.27644,0.071982,0.32131,357.411,357.564,374.984,239.387
151,0.506625,-0.473223,-0.527772,0.490762,-1.22763,0.171476,0.32244,357.411,357.564,374.984,239.387
152,0.506656,-0.470272,-0.520458,0.501265,-1.19743,0.22306,0.330139,357.411,357.564,374.984,239.387
153,0.514665,-0.486851,-0.498888,0.499207,-1.14447,0.332404,0.332772,357.411,357.564,374.984,239.387
154,0.51819,-0.492653,-0.489872,0.498796,-1.11519,0.389566,0.331315,357.411,357.564,374.984,239.387
155,0.515679,-0.517284,-0.495584,0.469988,-1.06266,0.496903,0.318702,357.411,357.564,374.984,239.387
156,0.517506,-0.523303,-0.498734,0.457828,-1.04467,0.542346,0.319129,357.411,357.564,374.984,239.387
157,0.520286,-0.524352,-0.497289,0.455041,-1.03385,0.585086,0.322428,357.411,357.564,374.984,239.387
158,0.519065,-0.528296,-0.492403,0.45718,-1.03067,0.629646,0.324585,357.411,357.564,374.984,239.387
159,0.519409,-0.533008,-0.486664,0.457466,-1.03427,0.681606,0.324943,357.411,357.564,374.984,239.387
160,0.517867,-0.520032,-0.485678,0.474865,-1.04129,0.808241,0.330831,357.411,357.564,374.984,239.387
161,0.51267,-0.517217,-0.491974,0.477093,-1.05036,0.879182,0.330159,357.411,357.564,374.984,239.387
162,0.503417,-0.515013,-0.507052,0.473531,-1.07678,1.00871,0.323938,357.411,357.564,374.984,239.387
163,-0.498817,0.514921,0.509985,-0.475346,-1.09527,1.06769,0.318697,357.411,357.564,374.984,239.387
164,0.50221,-0.517653,-0.501018,0.478332,-1.11641,1.12955,0.314609,357.411,357.564,374.984,239.387
165,0.516,-0.519873,-0.494755,0.467647,-1.17197,1.25328,0.302962,357.411,357.564,374.984,239.387
166,0.526632,-0.517891,-0.494043,0.458659,-1.19817,1.31566,0.310019,357.411,357.564,374.984,239.387
167,0.528867,-0.515919,-0.492276,0.460208,-1.21937,1.37813,0.322003,357.411,357.564,374.984,239.387
168,0.522755,-0.518548,-0.484793,0.472029,-1.25823,1.49997,0.329353,357.411,357.564,374.984,239.387
169,0.517335,-0.51442,-0.483042,0.484156,-1.2729,1.56704,0.329266,357.411,357.564,374.984,239.387
170,0.496299,-0.500738,-0.500397,0.502546,-1.2985,1.7107,0.323853,357.411,357.564,374.984,239.387
171,-0.492334,0.502191,0.51385,-0.491294,-1.31928,1.77761,0.31967,357.411,357.564,374.984,239.387
172,-0.487754,0.493339,0.523397,-0.494741,-1.33942,1.83534,0.320115,357.411,357.564,374.984,239.387
173,0.457495,-0.477181,-0.515088,0.545601,-2.22723,2.06892,0.312226,357.411,357.564,374.984,239.387
174,0.469022,-0.476878,-0.513735,0.537292,-2.29328,2.02882,0.304181,357.411,357.564,374.984,239.387
175,0.481584,-0.472074,-0.506376,0.537408,-2.41918,1.93673,0.315818,357.411,357.564,374.984,239.387
176,0.474892,-0.470219,-0.507627,0.54377,-2.47273,1.889,0.324506,357.411,357.564,374.984,239.387
177,0.463477,-0.475276,-0.507056,0.549723,-2.5851,1.79141,0.320479,357.411,357.564,374.984,239.387
178,0.459094,-0.476192,-0.501127,0.557983,-2.7052,1.68416,0.304694,357.411,357.564,374.984,239.387
179,0.453812,-0.475922,-0.498654,0.56471,-2.81993,1.56656,0.314434,357.411,357.564,374.984,239.387
180,0.452394,-0.466176,-0.502926,0.570163,-2.85766,1.50322,0.319675,357.411,357.564,374.984,239.387
181,0.459853,-0.461566,-0.50976,0.561815,-2.90514,1.36734,0.307718,357.411,357.564,374.984,239.387
182,0.468502,-0.470952,-0.500154,0.555478,-2.91457,1.21158,0.299216,357.411,357.564,374.984,239.387
183,0.462342,-0.485419,-0.493314,0.554301,-2.9032,1.0552,0.310401,357.411,357.564,374.984,239.387
184,0.451088,-0.482651,-0.497581,0.562122,-2.89743,0.906665,0.312879,357.411,357.564,374.984,239.387
185,0.446833,-0.478046,-0.502005,0.565511,-2.89928,0.82864,0.306322,357.411,357.564,374.984,239.387
186,0.446706,-0.476111,-0.495679,0.572777,-2.91305,0.665729,0.298695,357.411,357.564,374.984,239.387
187,0.43885,-0.471169,-0.499218,0.579821,-2.91502,0.501908,0.312486,357.411,357.564,374.984,239.387
188,0.44493,-0.474067,-0.499576,0.57247,-2.91229,0.424678,0.313109,357.411,357.564,374.984,239.387
189,0.447383,-0.468359,-0.504267,0.571141,-2.89888,0.345401,0.308183,357.411,357.564,374.984,239.387
190,0.470458,-0.47259,-0.496296,0.555894,-2.8559,0.179438,0.29071,357.411,357.564,374.984,239.387
191,0.465232,-0.482243,-0.495868,0.552373,-2.82645,0.104319,0.292717,357.411,357.564,374.984,239.387
192,0.46785,-0.499267,-0.487265,0.542607,-2.80608,0.0374173,0.300631,357.411,357.564,374.984,239.387
193,0.470188,-0.500879,-0.47981,0.545734,-2.74749,-0.0626328,0.314384,357.411,357.564,374.984,239.387
194,0.473314,-0.496514,-0.477484,0.549051,-2.70677,-0.0933102,0.316633,357.411,357.564,374.984,239.387
195,0.46788,-0.494679,-0.482733,0.550772,-2.61075,-0.132244,0.304707,357.411,357.564,374.984,239.387
196,0.463446,-0.497422,-0.494179,0.541827,-2.55516,-0.146425,0.295873,357.411,357.564,374.984,239.387
197,0.470634,-0.489763,-0.494859,0.541988,-2.43432,-0.162548,0.303819,357.411,357.564,374.984,239.387
198,0.482963,-0.48352,-0.489761,0.541377,-2.29734,-0.182409,0.307278,357.411,357.564,374.984,239.387
199,0.482604,-0.48915,-0.496123,0.530743,-2.14848,-0.203817,0.294884,357.411,357.564,374.984,239.387
200,0.468918,-0.495551,-0.492403,0.540448,-1.95418,-0.201753,0.304581,357.411,357.564,374.984,239.387
201,0.451394,-0.479286,-0.516155,0.547825,-1.74576,-0.161874,0.284259,357.411,357.564,374.984,239.387
202,0.449493,-0.481709,-0.522814,0.540904,-1.6734,-0.142914,0.277838,357.411,357.564,374.984,239.387
203,0.460593,-0.486458,-0.513268,0.53644,-1.44703,-0.103538,0.273056,357.411,357.564,374.984,239.387
204,0.46504,-0.499336,-0.514528,0.51929,-1.2083,-0.0913566,0.253075,357.411,357.564,374.984,239.387
205,0.450752,-0.488732,-0.524411,0.531937,-1.08875,-0.0649484,0.267421,357.411,357.564,374.984,239.387
206,0.433446,-0.477153,-0.537919,0.543224,-0.946564,-0.000910715,0.261549,357.411,357.564,374.984,239.387
207,-0.439353,0.469276,0.544656,-0.538608,-0.854161,0.0428974,0.263183,357.411,357.564,374.984,239.387
208,0.451467,-0.479088,-0.529577,0.534977,-0.718883,0.079172,0.26498,357.411,357.564,374.984,239.387
209,-0.463583,0.499447,0.525843,-0.509051,-0.622883,0.120725,0.255352,357.411,357.564,374.984,239.387
210,0.440406,-0.48592,-0.532405,0.535227,-0.603748,0.187672,0.26521,357.411,357.564,374.984,239.387
211,0.423925,-0.4703,-0.539901,0.554628,-0.613062,0.212779,0.266247,357.411,357.564,374.984,239.387
212,0.397692,-0.445308,-0.555697,0.578569,-0.620755,0.240474,0.263869,357.411,357.564,374.984,239.387
213,-0.347531,0.390941,0.604431,-0.600875,-0.635702,0.298075,0.261008,357.411,357.564,374.984,239.387
214,-0.3255,0.361749,0.618142,-0.617323,-0.633717,0.329356,0.265094,357.411,357.564,374.984,239.387
215,0.296957,-0.327395,-0.632727,0.635834,-0.638485,0.394185,0.262729,357.411,357.564,374.984,239.387
216,0.283879,-0.308508,-0.632897,0.650904,-0.637845,0.434715,0.262921,357.411,357.564,374.984,239.387
217,0.269905,-0.293626,-0.635441,0.661173,-0.635941,0.477291,0.261826,357.411,357.564,374.984,239.387
218,0.247269,-0.271159,-0.65199,0.663506,-0.630128,0.516032,0.260783,357.411,357.564,374.984,239.387
219,0.197545,-0.214645,-0.676143,0.67656,-0.619818,0.576238,0.272895,357.411,357.564,374.984,239.387
220,0.129098,-0.165598,-0.689593,0.693089,-0.634704,0.635567,0.276229,357.411,357.564,374.984,239.387
221,0.071335,-0.102264,-0.689286,0.713679,-0.683403,0.702216,0.27869,357.411,357.564,374.984,239.387
222,0.0331534,-0.0539012,-0.695093,0.716129,-0.798371,0.799649,0.283955,357.411,357.564,374.984,239.387
223,0.0234866,-0.044939,-0.690829,0.721238,-0.83322,0.831914,0.283469,357.411,357.564,374.984,239.387
224,0.0128779,-0.0372355,-0.690016,0.722721,-0.869066,0.867698,0.279371,357.411,357.564,374.984,239.387
225,0.0104398,-0.0234901,-0.691355,0.722058,-0.949257,0.928106,0.273698,357.411,357.564,374.984,239.387
226,-0.00388378,-0.0108062,-0.696998,0.716982,-0.998052,0.952946,0.276435,357.411,357.564,374.984,239.387
227,-0.0267093,-0.00762624,-0.693897,0.719538,-1.12487,0.969765,0.286896,357.411,357.564,374.984,239.387
228,-0.0493474,0.0108057,-0.688065,0.723888,-1.18766,0.968506,0.282347,357.411,357.564,374.984,239.387
229,-0.0713462,0.0362842,-0.686978,0.722256,-1.24879,0.959321,0.275792,357.411,357.564,374.984,239.387
230,-0.111863,0.0995118,-0.686684,0.711371,-1.34591,0.939622,0.283132,357.411,357.564,374.984,239.387
231,-0.139335,0.120471,-0.680259,0.709451,-1.38924,0.937056,0.287255,357.411,357.564,374.984,239.387
232,-0.192292,0.157229,-0.666594,0.702819,-1.46841,0.938616,0.282391,357.411,357.564,374.984,239.387
233,-0.219691,0.184334,-0.656659,0.697536,-1.50548,0.946691,0.273743,357.411,357.564,374.984,239.387
234,0.262829,-0.247672,0.659857,-0.658915,-1.57286,0.961463,0.260211,357.411,357.564,374.984,239.387
235,0.288163,-0.265139,0.653148,-0.648121,-1.60623,0.961151,0.268918,357.411,357.564,374.984,239.387
236,-0.353343,0.304678,-0.624874,0.625981,-1.67614,0.947362,0.283028,357.411,357.564,374.984,239.387
237,-0.392963,0.326637,-0.601576,0.613999,-1.71023,0.935427,0.29101,357.411,357.564,374.984,239.387
238,-0.420711,0.352539,-0.583685,0.598356,-1.74318,0.919859,0.296066,357.411,357.564,374.984,239.387
239,-0.457764,0.400616,-0.550022,0.572219,-1.80686,0.902528,0.304608,357.411,357.564,374.984,239.387
240,-0.485785,0.41936,-0.52819,0.556026,-1.84385,0.903279,0.307908,357.411,357.564,374.984,239.387
241,0.522418,-0.448826,0.500293,-0.52473,-1.91371,0.90635,0.303889,357.411,357.564,374.984,239.387
242,0.553655,-0.48899,0.465852,-0.487172,-1.99076,0.914353,0.294807,357.411,357.564,374.984,239.387
243,0.6027,-0.541935,0.417824,-0.410467,-2.0857,0.904498,0.287251,357.411,357.564,374.984,239.387
244,0.622322,-0.548237,0.400149,-0.389914,-2.10695,0.885276,0.289305,357.411,357.564,374.984,239.387
245,0.641578,-0.56712,0.367078,-0.363328,-2.13859,0.832189,0.291023,357.411,357.564,374.984,239.387
246,0.642616,-0.577593,0.357188,-0.35475,-2.15252,0.803183,0.285144,357.411,357.564,374.984,239.387
247,0.629373,-0.569528,0.37782,-0.369836,-2.1782,0.687174,0.274098,357.411,357.564,374.984,239.387
248,0.603158,-0.553977,0.40455,-0.407001,-2.18612,0.584089,0.277678,357.411,357.564,374.984,239.387
249,0.568409,-0.521018,0.449232,-0.451267,-2.15912,0.463319,0.28708,357.411,357.564,374.984,239.387
250,0.539471,-0.480906,0.488704,-0.488743,-2.08416,0.274705,0.292946,357.411,357.564,374.984,239.387
251,0.537716,-0.473148,0.484772,-0.501984,-2.00349,0.149904,0.297461,357.411,357.564,374.984,239.387
252,0.520309,-0.46738,0.493786,-0.516729,-1.87534,-0.0219166,0.297845,357.411,357.564,374.984,239.387
253,-0.498346,0.436816,-0.51368,0.544954,-1.74587,-0.162778,0.281747,357.411,357.564,374.984,239.387
254,-0.481739,0.429743,-0.519792,0.559522,-1.63694,-0.241601,0.288005,357.411,357.564,374.984,239.387
255,-0.47978,0.435003,-0.525116,0.552121,-1.57857,-0.274317,0.290183,357.411,357.564,374.984,239.387
256,-0.492802,0.43471,-0.523395,0.542431,-1.52019,-0.303039,0.28795,357.411,357.564,374.984,239.387
257,0.513574,-0.456965,0.508101,-0.518901,-1.38518,-0.348218,0.275404,357.411,357.564,374.984,239.387
258,0.519881,-0.473361,0.49677,-0.508795,-1.32049,-0.356366,0.27785,357.411,357.564,374.984,239.387
259,0.530226,-0.485099,0.485992,-0.497343,-1.2625,-0.35086,0.280996,357.411,357.564,374.984,239.387
260,0.542661,-0.492437,0.479561,-0.482748,-1.20935,-0.331713,0.278466,357.411,357.564,374.984,239.387
261,0.558778,-0.511405,0.453288,-0.469854,-1.11207,-0.237519,0.26771,357.411,357.564,374.984,239.387
262,0.571792,-0.518277,0.438111,-0.460979,-1.06873,-0.174293,0.269926,357.411,357.564,374.984,239.387
263,0.593711,-0.527702,0.42748,-0.431623,-0.975298,-0.0471478,0.288434,357.411,357.564,374.984,239.387
264,0.615576,-0.547355,0.405346,-0.396439,-0.898919,0.092513,0.28466,357.411,357.564,374.984,239.387
265,0.626683,-0.557318,0.389815,-0.380407,-0.866056,0.168809,0.277129,357.411,357.564,374.984,239.387
266,0.632381,-0.570968,0.377108,-0.363151,-0.839322,0.244252,0.276026,357.411,357.564,374.984,239.387
267,0.644262,-0.586585,0.342974,-0.351017,-0.844133,0.456963,0.282651,357.411,357.564,374.984,239.387
268,0.644578,-0.577856,0.342363,-0.365224,-0.872988,0.521745,0.279522,357.411,357.564,374.984,239.387
269,0.631676,-0.572716,0.358572,-0.380009,-0.906093,0.583334,0.276318,357.411,357.564,374.984,239.387
270,0.623112,-0.55529,0.380228,-0.398511,-0.991846,0.680931,0.292531,357.411,357.564,374.984,239.387
271,0.627692,-0.553743,0.379109,-0.394523,-1.04467,0.716777,0.297782,357.411,357.564,374.984,239.387
272,0.635364,-0.553177,0.372183,-0.389599,-1.10469,0.744784,0.297086,357.411,357.564,374.984,239.387
273,0.64263,-0.557297,0.364798,-0.378642,-1.17174,0.765339,0.290429,357.411,357.564,374.984,239.387
274,0.635037,-0.572277,0.377854,-0.355604,-1.29709,0.775043,0.272748,357.411,357.564,374.984,239.387
275,0.631498,-0.579084,0.377036,-0.351732,-1.3554,0.771217,0.270561,357.411,357.564,374.984,239.387
276,0.636432,-0.573733,0.373971,-0.354867,-1.4129,0.76315,0.271767,357.411,357.564,374.984,239.387
277,0.632152,-0.568704,0.380281,-0.363793,-1.52987,0.740864,0.262709,357.411,357.564,374.984,239.387
278,0.623742,-0.576051,0.383515,-0.363356,-1.58877,0.724207,0.249491,357.411,357.564,374.984,239.387
279,0.610997,-0.609569,0.372684,-0.340902,-1.68513,0.696959,0.236877,357.411,357.564,374.984,239.387
280,0.632278,-0.626361,0.339127,-0.304778,-1.68787,0.705381,0.244263,357.411,357.564,374.984,239.387
281,0.639242,-0.636887,0.322331,-0.286091,-1.67729,0.716933,0.246211,357.411,357.564,374.984,239.387
282,0.659162,-0.639745,0.29601,-0.261935,-1.67059,0.733595,0.247074,357.411,357.564,374.984,239.387
283,0.662598,-0.665712,0.259639,-0.224452,-1.64943,0.803194,0.232253,357.411,357.564,374.984,239.387
284,0.70768,-0.67212,0.160165,-0.147613,-1.64314,1.13597,0.253575,357.411,357.564,374.984,239.387
285,0.717213,-0.681836,0.118906,-0.0810289,-1.67416,1.27228,0.260158,357.411,357.564,374.984,239.387
286,0.723498,-0.682954,0.088703,-0.0475116,-1.69795,1.34419,0.25727,357.411,357.564,374.984,239.387
287,0.73033,-0.681052,0.0517916,-0.0101687,-1.72735,1.41756,0.255953,357.411,357.564,374.984,239.387
288,0.722816,-0.683743,-0.052456,0.0853315,-1.83572,1.60594,0.269505,357.411,357.564,374.984,239.387
289,0.714355,-0.683982,-0.0912813,0.116332,-1.88655,1.64805,0.264451,357.411,357.564,374.984,239.387
290,0.70887,-0.679076,-0.120894,0.147456,-1.94879,1.67913,0.256679,357.411,357.564,374.984,239.387
291,0.699148,-0.662542,-0.176126,0.203004,-2.08986,1.71776,0.243515,357.411,357.564,374.984,239.387
292,0.682895,-0.649087,-0.215737,0.256511,-2.23035,1.74591,0.248829,357.411,357.564,374.984,239.387
293,0.657709,-0.635883,-0.25731,0.311229,-2.36053,1.75481,0.250897,357.411,357.564,374.984,239.387
294,0.643483,-0.627058,-0.281841,0.336593,-2.42363,1.75483,0.24691,357.411,357.564,374.984,239.387
295,0.6313,-0.616058,-0.301695,0.36182,-2.4878,1.75599,0.242837,357.411,357.564,374.984,239.387
296,0.602719,-0.587048,-0.349474,0.412277,-2.62296,1.75869,0.242032,357.411,357.564,374.984,239.387
297,0.587393,-0.571202,-0.37727,0.431701,-2.68701,1.75313,0.247126,357.411,357.564,374.984,239.387
298,0.577427,-0.547998,-0.395059,0.45848,-2.74224,1.73709,0.251806,357.411,357.564,374.984,239.387
299,0.542478,-0.527493,-0.44028,0.483345,-2.84309,1.68551,0.239858,357.411,357.564,374.984,239.387
300,0.528762,-0.522191,-0.451973,0.493404,-2.88874,1.64688,0.230091,357.411,357.564,374.984,239.387
301,0.516396,-0.512933,-0.46026,0.508327,-2.92251,1.60383,0.226199,357.411,357.564,374.984,239.387
302,0.504684,-0.497419,-0.467646,0.52837,-2.9845,1.52968,0.238489,357.411,357.564,374.984,239.387
303,0.491693,-0.479108,-0.481793,0.544581,-3.03541,1.46601,0.25045,357.411,357.564,374.984,239.387
304,0.474291,-0.458982,-0.50557,0.555682,-3.08933,1.4004,0.248604,357.411,357.564,374.984,239.387
305,0.46052,-0.445128,-0.51588,0.568903,-3.11818,1.36377,0.246422,357.411,357.564,374.984,239.387
306,0.433747,-0.414289,-0.532481,0.597237,-3.17149,1.2845,0.248479,357.411,357.564,374.984,239.387
307,0.420395,-0.401803,-0.543122,0.605674,-3.19012,1.24038,0.248065,357.411,357.564,374.984,239.387
308,0.404337,-0.378961,-0.55879,0.616972,-3.19695,1.14624,0.247011,357.411,357.564,374.984,239.387
309,0.403651,-0.368216,-0.564216,0.618985,-3.18975,1.0892,0.24406,357.411,357.564,374.984,239.387
310,0.407878,-0.361966,-0.563412,0.620631,-3.1738,1.02522,0.241087,357.411,357.564,374.984,239.387
311,0.412164,-0.374275,-0.554914,0.61815,-3.12248,0.885533,0.241039,357.411,357.564,374.984,239.387
312,0.411291,-0.386892,-0.549516,0.615782,-3.09003,0.820015,0.246609,357.411,357.564,374.984,239.387
313,0.404876,-0.388756,-0.546752,0.621294,-3.05115,0.762165,0.251875,357.411,357.564,374.984,239.387
314,0.396211,-0.384656,-0.543971,0.631785,-2.96095,0.68286,0.252481,357.411,357.564,374.984,239.387
315,0.391111,-0.374601,-0.545789,0.639391,-2.90118,0.657889,0.249426,357.411,357.564,374.984,239.387
316,0.381816,-0.378216,-0.549036,0.6401,-2.83569,0.643597,0.241132,357.411,357.564,374.984,239.387
317,0.375885,-0.392629,-0.564112,0.621555,-2.70037,0.636679,0.223753,357.411,357.564,374.984,239.387
318,0.383585,-0.393207,-0.563193,0.617305,-2.6321,0.638257,0.221014,357.411,357.564,374.984,239.387
319,0.391065,-0.400528,-0.557136,0.613388,-2.56268,0.644482,0.217074,357.411,357.564,374.984,239.387
320,0.417445,-0.421203,-0.541775,0.595658,-2.41024,0.66656,0.202999,357.411,357.564,374.984,239.387
321,0.419345,-0.432028,-0.54698,0.581648,-2.33266,0.683402,0.19445,357.411,357.564,374.984,239.387
322,0.423751,-0.453944,-0.537158,0.570817,-2.0966,0.831616,0.198609,357.411,357.564,374.984,239.387
323,0.425122,-0.459359,-0.540607,0.562143,-2.00647,0.946514,0.191285,357.411,357.564,374.984,239.387
324,0.441312,-0.471645,-0.53528,0.544306,-1.92384,1.06674,0.196974,357.411,357.564,374.984,239.387
325,0.468713,-0.484443,-0.512033,0.532396,-1.83683,1.18258,0.207372,357.411,357.564,374.984,239.387
326,0.48567,-0.486801,-0.498893,0.527499,-1.78655,1.23798,0.210383,357.411,357.564,374.984,239.387
327,0.504399,-0.500989,-0.493347,0.501199,-1.69879,1.34879,0.208702,357.411,357.564,374.984,239.387
328,0.503725,-0.504294,-0.498597,0.493304,-1.66355,1.40778,0.209169,357.411,357.564,374.984,239.387
329,0.50726,-0.509488,-0.491404,0.49156,-1.63931,1.47041,0.211239,357.411,357.564,374.984,239.387
330,0.501558,-0.502063,-0.503315,0.492998,-1.6026,1.57975,0.202946,357.411,357.564,374.984,239.387
331,0.501296,-0.487739,-0.518954,0.491426,-1.58377,1.61012,0.200062,357.411,357.564,374.984,239.387
332,-0.481185,0.463477,0.551277,-0.499743,-1.53396,1.60209,0.193747,357.411,357.564,374.984,239.387
333,-0.469062,0.451551,0.559063,-0.513353,-1.50737,1.56463,0.195258,357.411,357.564,374.984,239.387
334,-0.44234,0.428191,0.566372,-0.547915,-1.43587,1.44666,0.200769,357.411,357.564,374.984,239.387
335,0.394374,-0.422166,-0.563773,0.590258,-1.30472,1.25198,0.215751,357.411,357.564,374.984,239.387
336,0.388734,-0.418026,-0.565059,0.595692,-1.26987,1.11036,0.225487,357.411,357.564,374.984,239.387
337,0.384683,-0.410862,-0.566888,0.601539,-1.26012,1.03412,0.224175,357.411,357.564,374.984,239.387
338,0.376893,-0.402222,-0.571242,0.608155,-1.25372,0.865802,0.225436,357.411,357.564,374.984,239.387
339,0.374218,-0.39764,-0.566292,0.617379,-1.24496,0.785108,0.237716,357.411,357.564,374.984,239.387
340,0.385262,-0.38983,-0.551432,0.62891,-1.21594,0.625627,0.250519,357.411,357.564,374.984,239.387
341,0.389429,-0.388431,-0.538343,0.638477,-1.18503,0.549289,0.249429,357.411,357.564,374.984,239.387
342,0.377026,-0.403678,-0.541341,0.633913,-1.14342,0.384034,0.254406,357.411,357.564,374.984,239.387
343,0.356276,-0.386866,-0.555089,0.644421,-1.11779,0.299731,0.259295,357.411,357.564,374.984,239.387
344,0.336764,-0.369416,-0.573609,0.648918,-1.09893,0.215346,0.256425,357.411,357.564,374.984,239.387
345,0.264452,-0.302617,-0.614652,0.678743,-1.06044,0.0605792,0.246262,357.411,357.564,374.984,239.387
346,0.178515,-0.210689,-0.642863,0.714472,-1.0351,-0.0752742,0.245801,357.411,357.564,374.984,239.387
347,0.0943731,-0.111904,-0.667464,0.730112,-0.998965,-0.180312,0.248312,357.411,357.564,374.984,239.387
348,0.056211,-0.0661574,-0.676372,0.731427,-0.972367,-0.220001,0.24541,357.411,357.564,374.984,239.387
349,0.0234708,-0.0323536,-0.679283,0.732787,-0.944974,-0.253128,0.242206,357.411,357.564,374.984,239.387
350,-0.0381833,0.0266908,-0.675563,0.735829,-0.880635,-0.308377,0.233899,357.411,357.564,374.984,239.387
351,-0.0674933,0.0520306,-0.66828,0.739012,-0.847678,-0.331357,0.235443,357.411,357.564,374.984,239.387
352,-0.0912599,0.076016,-0.668204,0.734436,-0.817149,-0.355436,0.237965,357.411,357.564,374.984,239.387
353,-0.163638,0.12726,-0.663621,0.718773,-0.760651,-0.378767,0.2395,357.411,357.564,374.984,239.387
354,-0.19954,0.153348,-0.657877,0.709835,-0.735987,-0.38263,0.239653,357.411,357.564,374.984,239.387
355,-0.276179,0.221153,-0.640033,0.682037,-0.692538,-0.379281,0.23518,357.411,357.564,374.984,239.387
356,-0.314472,0.26408,-0.626932,0.662061,-0.672859,-0.370491,0.234285,357.411,357.564,374.984,239.387
357,-0.354335,0.308042,-0.602928,0.645007,-0.660534,-0.349538,0.238136,357.411,357.564,374.984,239.387
358,-0.388187,0.346316,-0.581606,0.625389,-0.650588,-0.323857,0.238248,357.411,357.564,374.984,239.387
359,-0.453547,0.408262,-0.536617,0.582803,-0.650077,-0.253446,0.238092,357.411,357.564,374.984,239.387
360,-0.499209,0.453794,-0.498887,0.544034,-0.667387,-0.168643,0.23747,357.411,357.564,374.984,239.387
361,0.518694,-0.474172,0.480734,-0.524417,-0.684846,-0.116967,0.235933,357.411,357.564,374.984,239.387
362,0.536104,-0.489148,0.465907,-0.506219,-0.705934,-0.0610569,0.23478,357.411,357.564,374.984,239.387
363,0.551687,-0.505485,0.452615,-0.485042,-0.734559,-0.00197168,0.231924,357.411,357.564,374.984,239.387
364,0.578879,-0.530419,0.428071,-0.447561,-0.798446,0.115869,0.228518,357.411,357.564,374.984,239.387
365,0.595722,-0.544991,0.409605,-0.424647,-0.83237,0.179427,0.228479,357.411,357.564,374.984,239.387
366,0.628367,-0.574182,0.364512,-0.377625,-0.893151,0.318066,0.232695,357.411,357.564,374.984,239.387
367,0.6472,-0.587921,0.333143,-0.35284,-0.924118,0.391663,0.233926,357.411,357.564,374.984,239.387
368,0.658983,-0.603664,0.305621,-0.328524,-0.953281,0.470521,0.230201,357.411,357.564,374.984,239.387
369,0.684233,-0.624305,0.251155,-0.281052,-1.01963,0.6419,0.222147,357.411,357.564,374.984,239.387
370,0.691809,-0.633846,0.235007,-0.253796,-1.05293,0.727589,0.223726,357.411,357.564,374.984,239.387
371,0.707722,-0.63253,0.217274,-0.227654,-1.09324,0.802569,0.233381,357.411,357.564,374.984,239.387
372,0.722688,-0.641262,0.174596,-0.189795,-1.18751,0.919681,0.241314,357.411,357.564,374.984,239.387
373,0.729913,-0.639946,0.16203,-0.17732,-1.23891,0.966343,0.239512,357.411,357.564,374.984,239.387
374,0.728483,-0.660061,0.137292,-0.121588,-1.35752,1.0408,0.231464,357.411,357.564,374.984,239.387
375,0.734459,-0.662444,0.116274,-0.0906582,-1.41854,1.06616,0.233491,357.411,357.564,374.984,239.387
376,0.737003,-0.666602,0.0901666,-0.0658606,-1.47241,1.08277,0.233624,357.411,357.564,374.984,239.387
377,0.738487,-0.670182,0.0602454,-0.0431565,-1.51986,1.09207,0.231162,357.411,357.564,374.984,239.387
378,0.734122,-0.678565,0.0181111,-0.0169106,-1.58045,1.1028,0.222415,357.411,357.564,374.984,239.387
379,0.732269,-0.670582,0.0753965,-0.091741,-1.52837,1.11157,0.224015,357.411,357.564,374.984,239.387
380,0.728522,-0.663916,0.112158,-0.126061,-1.48706,1.09834,0.227057,357.411,357.564,374.984,239.387
381,0.719558,-0.656547,0.155079,-0.164722,-1.43792,1.07934,0.229135,357.411,357.564,374.984,239.387
382,0.692236,-0.625422,0.241693,-0.266911,-1.29008,0.976773,0.23756,357.411,357.564,374.984,239.387
383,0.676055,-0.609215,0.275582,-0.309616,-1.19742,0.882725,0.243402,357.411,357.564,374.984,239.387
384,0.661419,-0.585737,0.323429,-0.338866,-1.13425,0.770922,0.238544,357.411,357.564,374.984,239.387
385,0.651111,-0.577553,0.340039,-0.356175,-1.12302,0.717078,0.236402,357.411,357.564,374.984,239.387
386,0.640864,-0.560903,0.361669,-0.37931,-1.11697,0.656973,0.236969,357.411,357.564,374.984,239.387
387,0.624107,-0.549887,0.386755,-0.398165,-1.11476,0.587498,0.234275,357.411,357.564,374.984,239.387
388,0.565451,-0.518501,0.44708,-0.459936,-1.11047,0.368505,0.230771,357.411,357.564,374.984,239.387
389,0.556841,-0.499802,0.462934,-0.475203,-1.10564,0.288833,0.233869,357.411,357.564,374.984,239.387
390,0.536266,-0.477502,0.4847,-0.499476,-1.09145,0.119118,0.236986,357.411,357.564,374.984,239.387
391,0.526318,-0.466261,0.49116,-0.514152,-1.0894,0.0372908,0.242152,357.411,357.564,374.984,239.387
392,0.503267,-0.44643,0.513176,-0.532985,-1.10864,-0.0971356,0.240769,357.411,357.564,374.984,239.387
393,-0.484672,0.42577,-0.523738,0.556337,-1.15759,-0.205029,0.236354,357.411,357.564,374.984,239.387
394,-0.461849,0.438447,-0.529419,0.560513,-1.20521,-0.289101,0.217498,357.411,357.564,374.984,239.387
395,-0.456108,0.455459,-0.528351,0.552602,-1.22324,-0.320237,0.206416,357.411,357.564,374.984,239.387
396,-0.455689,0.474117,-0.527782,0.537594,-1.21866,-0.373004,0.195071,357.411,357.564,374.984,239.387
397,-0.484013,0.494448,-0.508143,0.512877,-1.17427,-0.388849,0.191029,357.411,357.564,374.984,239.387
398,0.503734,-0.513738,0.485878,-0.496234,-1.11386,-0.366476,0.185006,357.411,357.564,374.984,239.387
399,0.501088,-0.507042,0.487508,-0.504139,-1.07246,-0.347004,0.186366,357.411,357.564,374.984,239.387
400,-0.496529,0.48435,-0.49658,0.521797,-0.976168,-0.282667,0.182281,357.411,357.564,374.984,239.387
401,-0.492853,0.466129,-0.503548,0.535032,-0.919216,-0.238908,0.190479,357.411,357.564,374.984,239.387
402,-0.44894,0.423401,-0.530908,0.580794,-0.780488,-0.150388,0.210164,357.411,357.564,374.984,239.387
403,-0.438017,0.412483,-0.530841,0.59683,-0.710363,-0.103438,0.211411,357.411,357.564,374.984,239.387
404,-0.439288,0.403011,-0.54091,0.593316,-0.636373,-0.0546357,0.20733,357.411,357.564,374.984,239.387
405,-0.415046,0.350958,-0.568285,0.617752,-0.459207,0.0399196,0.192508,357.411,357.564,374.984,239.387
406,-0.393817,0.313874,-0.575605,0.64426,-0.367634,0.0945282,0.199293,357.411,357.564,374.984,239.387
407,-0.383622,0.283301,-0.575241,0.664585,-0.286133,0.157202,0.203094,357.411,357.564,374.984,239.387
408,-0.337648,0.237156,-0.597503,0.687561,-0.140446,0.27894,0.181834,357.411,357.564,374.984,239.387
409,-0.303989,0.213206,-0.612709,0.697654,-0.0778565,0.331613,0.165038,357.411,357.564,374.984,239.387
410,-0.265679,0.202432,-0.63205,0.699249,-0.0135516,0.380831,0.144151,357.411,357.564,374.984,239.387
411,-0.21599,0.192924,-0.649826,0.702748,0.109268,0.481707,0.0964785,357.411,357.564,374.984,239.387
412,-0.209915,0.206302,-0.648678,0.701849,0.162953,0.531648,0.0688967,357.411,357.564,374.984,239.387
413,-0.19566,0.229171,-0.637822,0.708788,0.211117,0.570611,0.0416612,357.411,357.564,374.984,239.387
414,-0.170519,0.241323,-0.636232,0.712668,0.275756,0.616796,0.00679813,357.411,357.564,374.984,239.387
415,-0.155805,0.231663,-0.642065,0.71401,0.296081,0.622508,-0.00605687,357.411,357.564,374.984,239.387
416,-0.118953,0.247661,-0.645112,0.712983,0.323327,0.621598,-0.0437146,357.411,357.564,374.984,239.387
417,-0.10611,0.246933,-0.655514,0.705738,0.333454,0.614407,-0.0563238,357.411,357.564,374.984,239.387
418,-0.114216,0.252742,-0.672317,0.686342,0.350129,0.610697,-0.0793178,357.411,357.564,374.984,239.387
419,0.132389,-0.190814,0.69373,-0.681764,0.344068,0.604452,-0.0730997,357.411,357.564,374.984,239.387
420,0.107195,-0.154398,0.695982,-0.693022,0.334693,0.581952,-0.0705765,357.411,357.564,374.984,239.387
421,-0.0429784,0.0577948,-0.698666,0.711813,0.276073,0.504267,-0.0518489,357.411,357.564,374.984,239.387
422,0.00613397,-0.0646922,-0.694641,0.716415,0.178177,0.431793,-0.00415709,357.411,357.564,374.984,239.387
423,0.0589674,-0.144222,-0.680364,0.71612,0.0867407,0.391552,0.0225529,357.411,357.564,374.984,239.387
424,0.0799589,-0.173937,-0.673723,0.713757,0.0489961,0.378163,0.0316262,357.411,357.564,374.984,239.387
425,0.103295,-0.203575,-0.666769,0.709441,0.0126522,0.366955,0.039032,357.411,357.564,374.984,239.387
426,0.148927,-0.274053,-0.649085,0.693833,-0.0679377,0.351482,0.0529572,357.411,357.564,374.984,239.387
427,0.171857,-0.31209,-0.640162,0.68063,-0.119107,0.350242,0.0595952,357.411,357.564,374.984,239.387
428,0.195371,-0.352205,-0.623657,0.669951,-0.175695,0.350115,0.0695428,357.411,357.564,374.984,239.387
429,0.258555,-0.433144,-0.575578,0.643618,-0.301268,0.367964,0.0881854,357.411,357.564,374.984,239.387
430,0.293453,-0.464588,-0.556454,0.623219,-0.361878,0.381353,0.0879245,357.411,357.564,374.984,239.387
431,0.360207,-0.517574,-0.511873,0.583398,-0.47635,0.414074,0.0847729,357.411,357.564,374.984,239.387
432,0.375113,-0.523143,-0.495955,0.582787,-0.511849,0.42516,0.0886042,357.411,357.564,374.984,239.387
433,0.390125,-0.496066,-0.521448,0.574294,-0.571412,0.421612,0.085061,357.411,357.564,374.984,239.387
434,0.377065,-0.448804,-0.542611,0.601639,-0.571012,0.410402,0.0697121,357.411,357.564,374.984,239.387
435,0.355407,-0.416646,-0.56247,0.619451,-0.564874,0.416837,0.0673894,357.411,357.564,374.984,239.387
436,0.346993,-0.398802,-0.57214,0.627064,-0.558676,0.438913,0.0617388,357.411,357.564,374.984,239.387
437,0.340259,-0.392526,-0.572527,0.634319,-0.559735,0.447934,0.0626219,357.411,357.564,374.984,239.387
438,0.340811,-0.39195,-0.576722,0.630567,-0.562737,0.452106,0.0578814,357.411,357.564,374.984,239.387
